# vim: ft=plumed
#RESTART
UNITS LENGTH=A TIME=0.001  #Amstroeng, kJ/mol, fs

Htot: GROUP ATOMS=5,6,7,8,9,10,11,12,17,18,19,20,21,22,23,24,29,30,31,32,33,34,35,36,41,42,43,44,45,46,47,48,53,54,55,56,57,58,59,60,65,66,67,68,69,70,71,76,77,78,79,80,81,82,83,88,89,90,91,92,93,94,95,100,101,102,103,104,105,106,107,112,113,114,115,116,117,118,123,124,125,126,127,128,129,130,135,136,137,138,139,140,141,142,147,148,149,150,151,152,153,154,159,160,161,162,163,164,165,166,171,172,173,174,175,176,177,178,183,184,185,186,187,188,189,190,195,196,197,198,199,200,201,202,207,208,209,210,211,212,213,214,219,220,221,222,223,224,225,226,231,232,233,234,235,236,237,238,243,244,245,246,247,248,249,254,255,256,257,258,259,260,261,266,267,268,269,270,271,272,273,278,279,280,281,282,283,284,285,290,291,292,293,294,295,296,297,302,304,305,306,307,308,309,314,315,316,317,318,319,320,325,326,327,328,329,330,331,332,337,338,339,340,341,342,343,344,349,350,351,352,353,354,355,356,361,362,363,364,365,366,367,368,373,374,375,376,377,378,379,380,385,386,387,388,389,390,391,392,397,398,399,400,401,402,403,409,410,411,412,413,414,415,416,421,422,423,424,425,426,427,428,433,434,435,436,437,438,439,440,445,446,447,448,449,450,451,452,457,458,459,460,461,462,463,464,469,470,471,472,473,474,475,476,481,482,483,484,485,486,487,488,493,494,495,496,497,498,499,500,505,506,507,508,509,510,511,512,517,518,519,520,521,522,523,524,529,530,531,532,533,534,535,536,541,542,543,544,545,546,547,548,554,555,556,557,558,559,560,565,567,568,569,570,571,572,577,578,579,580,581,582,583,584,589,590,591,592,593,594,595,596,601,602,603,604,605,606,607,608,613,614,615,617,618,619,620,625,626,627,628,629,630,631,632,637,638,639,640,641,642,643,644,649,650,651,652,653,654,655,656,661,662,663,664,665,666,667,668,673,674,675,676,677,678,679,680,685,686,687,688,689,690,691,692,697,698,699,700,702,703,704,709,710,711,712,713,714,715,716,721,722,723,724,725,726,727,732,733,734,735,736,737,738,739,744,745,746,747,748,749,750,751,752,753,754,755,756
H: GROUP ATOMS=Htot REMOVE=5,6,7,8,9,10,11,12,17,18,19,20,21,22,23,24,88,89,90,91,92,93,94,95,100,101,102,103,104,105,106,107,171,172,173,174,175,176,177,178,183,184,185,186,187,188,189,190,254,255,256,257,258,259,260,261,266,267,268,269,270,271,272,273,337,338,339,340,341,342,343,344,349,350,351,352,353,354,355,356,421,422,423,424,425,426,427,428,433,434,435,436,437,438,439,440,505,506,507,508,509,510,511,512,517,518,519,520,521,522,523,524,589,590,591,592,593,594,595,596,601,602,603,604,605,606,607,608,673,674,675,676,677,678,679,680,685,686,687,688,689,690,691,692,755,753,751,754,750,756


dHH: DISTANCES GROUP=H MIN={BETA=20.0}
cHH: COORDINATIONNUMBER SPECIES=H R_0=1.5 NN=6 MM=12 MAX={BETA=0.05}

dz: ZDISTANCES GROUPA=aGROUPB=H MAX={BETA=0.05}

target1: CUSTOM ARG=cHH.max FUNC=step(x-0.8) PERIODIC=NO

OPES_METAD ...
   LABEL=opes1
   ARG=cHH.max
   FILE=Kernels1.data
   TEMP=700
   PACE=250
   BARRIER=60
   #ADAPTIVE_SIGMA_STRIDE=5001
   RESTART=NO
   EXCLUDED_REGION=target1
... OPES_METAD

COMMITTOR ...
   ARG=dz.max
   STRIDE=1000
   BASIN_LL1=6.0
   BASIN_UL1=15.0
   FILE=FORMATION
... COMMITTOR

PRINT ARG=* STRIDE=10 FILE=COLVAR
FLUSH STRIDE=1
