# vim: ft=plumed
#RESTART
UNITS LENGTH=A TIME=0.001  #Amstroeng, kJ/mol, fs

Htot: GROUP ATOMS=5,6,7,8,9,10,11,12,17,18,19,20,21,22,23,24,29,30,31,32,33,35,36,41,42,43,44,45,46,47,48,53,54,55,56,57,58,59,60,65,66,67,68,69,70,71,76,77,78,79,80,81,82,87,88,89,90,91,92,93,94,99,100,101,102,103,104,105,106,111,112,114,115,116,117,122,123,124,125,126,127,132,133,134,135,136,137,138,139,144,145,146,147,149,150,151,156,157,158,159,160,161,162,163,168,169,170,171,172,173,174,175,180,181,182,183,184,185,186,187,192,193,194,195,196,197,198,199,204,205,206,207,208,209,210,211,216,217,218,219,220,221,222,223,228,229,230,231,232,233,234,239,240,241,242,243,244,245,250,251,252,253,254,255,256,257,262,263,264,265,266,267,268,269,274,275,276,277,278,279,280,281,286,287,288,289,290,291,292,297,299,300,301,302,303,304,309,310,311,312,313,314,319,321,322,323,324,325,326,331,332,333,334,335,336,337,338,343,344,345,346,347,348,349,350,355,356,357,358,359,360,361,362,367,368,369,370,371,372,373,374,379,380,381,382,383,384,385,386,391,392,394,395,396,397,403,404,406,407,408,409,410,415,416,417,418,419,420,421,422,427,428,429,430,431,432,433,434,439,440,441,442,443,444,445,446,451,452,453,454,455,456,457,458,463,464,465,467,468,469,470,475,476,477,478,479,480,481,482,487,488,489,490,492,493,494,499,500,501,502,503,504,505,506,511,512,513,514,515,516,517,518,523,524,525,527,528,529,530,535,536,537,538,539,540,541,547,548,549,550,551,552,553,560,561,563,564,565,570,571,572,573,574,575,576,577,582,583,584,585,586,587,588,589,594,595,596,597,598,599,600,601,606,607,608,610,611,612,617,618,619,620,621,622,623,628,629,630,631,632,633,634,640,641,642,643,644,645,646,651,652,653,654,655,656,657,658,663,664,665,666,667,668,669,670,675,676,677,678,679,680,681,682,687,688,689,690,692,693,694,699,700,701,702,703,704,705,706,711,712,713,714,715,716,717,722,723,724,725,726,727,728,733,734,735,736,737,738,739,740,741,742,743,744,745,746,747,748,749,750,751,752,753,754,755,756
H: GROUP ATOMS=Htot REMOVE=5,6,7,8,9,10,11,12,17,18,19,20,21,22,23,24,87,88,89,90,91,92,93,94,99,100,101,102,103,104,105,106,168,169,170,171,172,173,174,175,180,181,182,183,184,185,186,187,250,251,252,253,254,255,256,257,262,263,264,265,266,267,268,269,331,332,333,334,335,336,337,338,343,344,345,346,347,348,349,350,415,416,417,418,419,420,421,422,427,428,429,430,431,432,433,434,499,500,501,502,503,504,505,506,511,512,513,514,515,516,517,518,582,583,584,585,586,587,588,589,594,595,596,597,598,599,600,601,663,664,665,666,667,668,669,670,675,676,677,678,679,680,681,682,751,749,754,744,753,750,739,748,755,746,747,743,756,740,752,741,745,742

dHH: DISTANCES GROUP=H MIN={BETA=20.0}
cHH: COORDINATIONNUMBER SPECIES=H R_0=1.5 NN=6 MM=12 MAX={BETA=0.05}

a: FIXEDATOM AT=0,0,56.0

dz: ZDISTANCES GROUPA=a GROUPB=H MAX={BETA=0.05}

target1: CUSTOM ARG=cHH.max FUNC=step(x-0.8) PERIODIC=NO

OPES_METAD ...
   LABEL=opes1
   ARG=cHH.max
   FILE=Kernels1.data
   TEMP=700
   PACE=250
   BARRIER=60
   #ADAPTIVE_SIGMA_STRIDE=5001
   RESTART=NO
   EXCLUDED_REGION=target1
... OPES_METAD

COMMITTOR ...
   ARG=dz.max
   STRIDE=1000
   BASIN_LL1=6.0
   BASIN_UL1=15.0
   FILE=FORMATION
... COMMITTOR

PRINT ARG=* STRIDE=10 FILE=COLVAR
FLUSH STRIDE=1
