# vim: ft=plumed
#RESTART
UNITS LENGTH=A TIME=0.001  #Amstroeng, kJ/mol, fs

Htot: GROUP ATOMS=29,30,31,32,33,34,35,36,41,42,43,44,45,46,47,48,53,54,55,56,57,58,59,60,65,66,67,68,69,70,71,72,77,78,79,80,81,82,83,112,113,114,115,116,117,118,119,124,125,126,127,128,129,130,131,136,137,138,139,140,141,142,143,148,149,150,151,152,153,154,155,160,161,162,163,164,165,166,195,196,197,198,199,200,201,202,207,208,209,210,211,212,213,214,219,220,221,222,223,224,225,226,231,232,233,234,235,236,237,238,243,244,245,246,247,248,249,250,279,280,281,282,283,284,285,290,291,292,293,294,295,296,297,302,303,304,305,306,307,308,309,314,315,316,317,318,319,320,321,326,327,328,329,330,331,332,333,362,363,364,365,366,367,368,369,374,375,376,377,378,379,380,381,386,387,388,389,390,391,392,393,398,399,400,401,402,403,404,409,410,411,412,413,414,415,444,445,446,447,448,449,450,451,456,457,458,459,460,461,462,463,468,469,470,471,472,473,474,475,480,481,482,483,484,485,486,487,492,493,494,495,496,497,498,499,528,529,530,531,532,533,534,535,540,541,542,543,544,545,546,547,552,553,554,555,556,557,558,559,564,565,566,567,568,569,570,571,576,577,578,579,580,581,582,583,612,613,614,615,616,617,618,619,624,625,626,627,628,629,630,631,636,637,638,639,640,641,642,643,648,649,650,651,652,653,654,655,660,661,662,663,664,665,666,667,696,697,698,699,700,702,703,708,709,710,711,712,713,714,715,720,721,722,723,724,725,726,727,732,733,734,735,736,737,738,739,744,745,746,747,748,749,750,751,755,756
# remove H atoms of NH.
H: GROUP ATOMS=Htot REMOVE=81,755,756,249
Basup: GROUP ATOMS=61,63,74,75,76,156,157,159,239,240,241,312,322,323,324,325,394,405,406,408,488,489,490,560,572,573,574,575,644,656,658,659,740,741,742,743

dHH: DISTANCES GROUP=H MIN={BETA=20.0}
cHH: COORDINATIONNUMBER SPECIES=H R_0=1.5 NN=6 MM=12 MAX={BETA=0.05}

dz: ZDISTANCES GROUPA=Basup GROUPB=H MAX={BETA=0.05}

target1: CUSTOM ARG=cHH.max FUNC=step(x-0.8) PERIODIC=NO

OPES_METAD ...
   LABEL=opes1
   ARG=cHH.max
   FILE=Kernels1.data
   TEMP=700
   PACE=250
   BARRIER=80
   #ADAPTIVE_SIGMA_STRIDE=5001
   RESTART=NO
   EXCLUDED_REGION=target1
... OPES_METAD

COMMITTOR ...
   ARG=dz.max
   STRIDE=1000
   BASIN_LL1=6.0
   BASIN_UL1=15.0
   FILE=FORMATION
... COMMITTOR

PRINT ARG=* STRIDE=10 FILE=COLVAR
FLUSH STRIDE=1
